[0.6428571428571429, 0.5269709543568465, 0.8871794871794871]
[1.271604938271605, 0.0, 1.2576687116564418]
[0.7864077669902912, 0.51440329218107, 0.8308457711442786]

[0.25597269624573377, 1.3144654088050314, 0.00546448087431694]
[0.0, 0.7777777777777778, 0.0]
[0.0, 0.9166666666666666, 0.0]

[0.44313725490196076, 0.3142857142857143, 0.6428571428571429]
[0.0, 0.08875739644970414, 0.7607655502392344]
[0.7358490566037735, 0.9166666666666666, 0.373134328358209]

[0.39923954372623577, 0.3142857142857143, 0.4959349593495935]
[0.0, 0.31899641577060933, 1.07909604519774]
[0.4838709677419355, 0.3096085409252669, 0.6283185840707964]

[0.0, 0.5862068965517241, 0.042492917847025496]
[0.3142857142857143, 0.1608832807570978, 0.5527426160337553]
[0.34798534798534797, 0.2777777777777778, 0.8775510204081632]

[0.4838709677419355, 0.29577464788732394, 0.3003533568904594]
[0.46613545816733065, 0.2912280701754386, 0.5462184873949579]
[0.3096085409252669, 0.2777777777777778, 0.6069868995633187]

[0.2689655172413793, 0.3003533568904594, 0.42084942084942084]
[0.8492462311557789, 0.25597269624573377, 0.4603174603174603]
[0.3333333333333333, 0.22259136212624583, 0.43190661478599224]

[0.35793357933579334, 0.2912280701754386, 0.7607655502392344]
[0.0, 0.2348993288590604, 0.2602739726027397]
[0.0, 0.7523809523809524, 0.0]

[0.34798534798534797, 0.3381818181818182, 0.42084942084942084]
[0.719626168224299, 0.35793357933579334, 0.9267015706806283]
[0.559322033898305, 0.24324324324324326, 0.6069868995633187]

[0.43190661478599224, 0.3142857142857143, 0.39923954372623577]
[0.4263565891472868, 0.29577464788732394, 1.1028571428571428]
[0.44881889763779526, 0.23905723905723905, 0.4375]

